0.08589209364170936,0.08607032848431062,0.13981470301452759,0.38160117539655847
0.2847698243487259,0.6972691140318373,0.9942118485283657,0.15096995486321907
0.8612401722559664,0.9100519960978104,0.7968180450845385,0.7929843325003524
0.4004448887008041,0.342885731415284,0.07435142935291494,0.6096196969723473
0.6871514706702371,0.2898384580344755,0.9632678178799685,0.5264408774457676
0.6499275537498684,0.3609164895355548,0.2013693632793443,0.8823577669296673
0.7211217382865553,0.4172452757781261,0.03368366117662691,0.6303751979040364
0.11006125254061949,0.846716622424319,0.8521732278334272,0.8762796885975346
0.30119314396030894,0.5435082899011688,0.9251751669830933,0.015342851388705725
0.6354235642067031,0.381099794427775,0.22926834854617795,0.9652683428366415
0.4828684164449003,0.26691253555424943,0.5157190382315178,0.6631606909294333
0.16753784125794546,0.025656707248833288,0.11298767186690495,0.2560084167658234
0.7755538799018933,0.681645677964759,0.31181203157362913,0.023054588396582032
0.8899615503398525,0.4362793105602858,0.43482325863436655,0.134096004542405
0.7059867146171802,0.009405165824675987,0.0958070214637351,0.8365464538361076
0.11197679312748843,0.4592213629756534,0.9668131273589528,0.794515400363261
0.7516045286316471,0.9388131176708117,0.32381074006217136,0.2750358888651998
0.8725979850290384,0.07610115638792281,0.7686645257572438,0.8468372489907066
0.34042610405566454,0.4180152578420461,0.20915962818528988,0.12617650186042195
0.7864491178514933,0.8066892481833553,0.9514843890452559,0.2424851752488726
0.28514814317488024,0.4511975969502888,0.5592621060581198,0.38287221252148607
0.43381081569069035,0.23256813393399112,0.9393731263761437,0.1739558466586173
0.915858196743978,0.88137728937014,0.26640611903331357,0.29335636281847366
0.9043069249213526,0.08619822498376717,0.9429687444866649,0.7799839019282693
0.13717831117162915,0.8213276150184081,0.39914462874791923,0.5619746295056977
0.5647457948999709,0.6818227375079385,0.8963850078771305,0.9180365889575031
0.4083207853281149,0.3988079773177171,0.6486112274696589,0.9075742962742734
0.3635407515549758,0.6731759515566972,0.983490709753141,0.7063263557934932
0.9592086251097606,0.2554230969377904,0.1457603496486357,0.48676339454166173
0.4080687837347149,0.707446660864732,0.3694682142222583,0.6588715598075795
0.29299532925478367,0.21162267872718632,0.7646840075573066,0.7756711435596907
0.26954883802983476,0.2695813229510128,0.6869949573063782,0.009964866256418126
0.8234810569817043,0.1581870057023328,0.6377696631940594,0.07790823111757661
0.2150808359519496,0.8028735864309285,0.3120895129409954,0.027457237395180578
0.8310235772721918,0.04352655241456116,0.8299315691825557,0.2020158891727073
0.8339810920363716,0.8383159258357163,0.14359322040313505,0.022122272955104272
0.08446537153382117,0.1467005181007427,0.9679277069380146,0.34564635675108824
0.30556772146211253,0.900968453650884,0.957149420525375,0.7905875193783363
0.13193527114098258,0.349619217916598,0.8641513055660482,0.9516900744108926
0.612342761636267,0.04222094436036117,0.9313919904424917,0.9120921052343476
0.7312750137779334,0.2597503666676304,0.46310176807963166,0.9688133362411214
0.2498398623875564,0.6959454631231208,0.6937301622971139,0.7643882903346468
0.7250407622901416,0.7578596000186798,0.07076937329095467,0.9080355927274568
0.322872349742675,0.55408922263295,0.8015117792586907,0.592742731111441
0.38262708128756595,0.028025244483838252,0.7419880645067107,0.49773266045183684
0.16722005137837637,0.11918756564301758,0.4104596776658683,0.986516689121592
0.1988053665845002,0.37452835916054694,0.011957996008459926,0.5605908115607252
0.5990822766212635,0.1756112422597207,0.3264701977894795,0.15732392032844833
0.411898436246414,0.7275291655368016,0.24295076977006191,0.40772608266878263
0.7400680700480563,0.19769093088144618,0.6069108474501251,0.48122961779084317
0.45688748360634013,0.3756789211577316,0.6368645152467454,0.940692636986379
0.9461167215689499,0.9869277726795024,0.6360701425225367,0.5954074590264354
0.8057398002671999,0.0673811773839289,0.9192876273900352,0.3440123146151135
0.09166587919418145,0.4773275109872944,0.03734571102249562,0.5647926969933148
0.702062217518402,0.48745477011974503,0.6335404084266096,0.15969941508671448
0.715316152546497,0.01528509569664438,0.1847842509083356,0.39052085373994505
0.1236677136946076,0.9877786292464096,0.07237658805738212,0.4927372888521998
0.984949755330879,0.26884534703059726,0.33779310315517663,0.2661716511967349
0.6207972004593544,0.70299647637118,0.9999686549202196,0.2331922696395109
0.9670866656139194,0.5873578728851928,0.6082305467389567,0.19324465857976203
0.1973664851586845,0.9263537866530525,0.6161406019421952,0.47846589003816353
0.9079368861275021,0.646313059849253,0.7473865393999177,0.8440885900037739
0.7236404667978589,0.17575119021197405,0.9426524555745817,0.34475936388627926
0.10908952624484192,0.015278962673785035,0.14221648700685752,0.005354247222222774
0.7888913094636947,0.30311875980838743,0.3425773432866144,0.8636043248887024
0.9060834248362024,0.6619576615610248,0.9326254825183127,0.2450869112731513
0.4652972593003837,0.05247397523390884,0.5434279745593462,0.018752253314206158
0.18534555072804137,0.5553062247773172,0.1099449475279679,0.14986084957757573
0.3263638470248085,0.9614976617747396,0.4026857830139018,0.11822077872032388
0.22653713897723693,0.5858646067317627,0.499655795969005,0.9605878270431207
0.35727028066941646,0.07856915114035856,0.6669722778748236,0.2749853838839579
0.3031688073694492,0.33853002367203977,0.9923706663286824,0.8003888095925465
0.21041157159871648,0.6845923609531178,0.7442407889749232,0.09998704326209651
0.40956469485238756,0.857476184712664,0.1510613876804875,0.6212761335908648
0.2956018223727951,0.48216971387465923,0.3130944822986693,0.15143701628746775
0.07559695224832796,0.5841222900898215,0.46385498243962364,0.6899548965162005
0.3064883246311214,0.9637688917465375,0.050733407052710455,0.30236845458440087
0.619097021383079,0.5074539355119256,0.7812235369651904,0.04344370467011849
0.9007329605144808,0.3463830360502401,0.41703467860857213,0.6939424554718953
0.20205333136515913,0.6055706262286833,0.8132301882381707,0.47469985708913853
0.3986675355593865,0.06485168222113535,0.05039113229840164,0.16428561050541235
0.2816462501262168,0.41742483854197654,0.8283066865604722,0.26091576840276876
0.3667787762109129,0.6873787827716354,0.6521219782789413,0.7761395298139273
0.5122080012350011,0.6896520256141235,0.3954100977560471,0.3619440700078024
0.22603277352248285,0.47336294859040084,0.33326706433183984,0.8228735648720066
0.9518466286820386,0.5138639229293614,0.9155579268553674,0.7948529196020611
0.3528955951111553,0.8687853064534167,0.6282872310944752,0.3873491082049765
0.20295583010590468,0.032238967754743886,0.39709297089075923,0.006488726532549727
0.41565918677470415,0.8829925126191845,0.4175060722325078,0.5536034831296158
0.23892598840771584,0.9967780870740943,0.9551851715260953,0.08617404819116758
0.22298776522362573,0.570290621984893,0.04753915379949036,0.619162614325716
0.41026151985457626,0.9175094568398934,0.7362681655971707,0.34121166240077216
0.3445959866659253,0.2584177400368335,0.07464749875071519,0.35949642670107074
0.5146046668602363,0.9771881270911253,0.9515048444865734,0.5420200445379798
0.3091095084323451,0.7958749260696117,0.6975106376184942,0.8469169597334462
0.7423250220788531,0.08490719750627784,0.9454971400572434,0.749930363418116
0.7060872391805049,0.7189133462835916,0.32211078887839906,0.021355738412005998
0.9972019695215034,0.5696956968689417,0.6600637231570458,0.782719324705649
0.13026425548033582,0.8181281416807612,0.9503525973748722,0.5240750169892342
0.5697086247622333,0.2580693697666072,0.519456970842453,0.6025596758845616
0.8016014619081677,0.4456917896682141,0.9189854624332204,0.38778924497213385
0.4139532361426469,0.8028906633320317,0.8508783168434262,0.853650220357748
0.37016964971841804,0.6654106347326976,0.8663591040384937,0.20550915691095228
0.3776305113813714,0.6671181930588982,0.2547850658052224,0.1005184720785468
0.34051092277936346,0.05047040199098729,0.6115070074429346,0.245816322060325
0.9659469836573334,0.25863221774193834,0.9308903827931737,0.6890223724410909
0.5856607530209597,0.31187537555188005,0.6499664697254903,0.5822795720879061
0.9832938505971133,0.9975170657441049,0.9547635343890873,0.497798022846331
0.01273801659744589,0.8871948250708539,0.5030998616386471,0.650516688216481
0.3073716836955489,0.08352134915195175,0.5579876204940096,0.658498361250475
0.8484801207862047,0.24380076630200864,0.5395177297137222,0.7564734627338339
0.9023026157666988,0.8339714730748541,0.4201507320744997,0.9254193881372446
0.7540220094287965,0.34378386537393213,0.6354568737975892,0.2794274911417879
0.9857894329520694,0.7756864921579094,0.9172227176088863,0.42450188240468356
0.38606857533783157,0.5863281467688851,0.3832634631241053,0.48432845964116056
0.2479530743409104,0.06474933253646087,0.30313804717645854,0.3864443004002396
0.19795380570635535,0.10300799436663499,0.9184180112627824,0.6516373612166433
0.33819791800874155,0.09169274011084805,0.7358491978657585,0.07423033977655746
0.9773808255867968,0.6644152650804658,0.94546411727091,0.41504702287348105
0.11473759881976398,0.9661723526510506,0.31247295564070854,0.7214591718582878
0.9137422828272442,0.13417036081010603,0.813391175124631,0.9348051166038567
0.7295654085817344,0.5213622085537618,0.6097602376342341,0.2962016905518414
0.7869143172975599,0.600997146196488,0.5686374098046817,0.12482434411011245
0.5803262846171515,0.20166560223983054,0.0033275176247699045,0.8874284539943731
0.026067587328259423,0.36179962673446353,0.01980617853724309,0.5752182234427042
0.320964520586816,0.5723536524112584,0.003938286504432509,0.08289879864852245
0.5205485548992199,0.42503733542614375,0.3014664829921121,0.8955512635741276
0.8414386457429511,0.18767307023190372,0.25704431585034804,0.7132600734807037
0.7997832672119366,0.22247867103939256,0.4163055537659346,0.7832614420813134
0.16982408376656966,0.01413287663144458,0.22187777294911581,0.2550868308567107
0.18860185390202344,0.8992159715579513,0.3057101102815609,0.325919659271276
0.8840455844291663,0.9511263395231327,0.49569004694988705,0.6117075872273455
0.9563527498411907,0.6385383352356303,0.771101461837152,0.39547838718623063
0.6413988838855315,0.7929900240423614,0.3119752452288178,0.6627849018165882
0.26787010130222755,0.5599948366637156,0.8744970670261605,0.07512420692232846
0.09622161131059648,0.5097675438346334,0.7053601889773835,0.5494310071711153
0.32707626798787737,0.22563795954583876,0.49192573784792437,0.5689822739934214
0.48825761496721487,0.46137905235707,0.26711296002976426,0.4243157767731458
0.966064380863322,0.15477686868992924,0.9120258222796663,0.0057422887202920325
0.797853734636346,0.28060020128783125,0.8424046815945367,0.33783429554050837
0.9503097740157149,0.845269040000296,0.17206255255487435,0.8100815126759742
0.6294573894364018,0.38846613951444897,0.6651860693769415,0.5587630332141761
0.5871323734755695,0.36115594215178903,0.9386433112462712,0.662858488978134
0.21725507586130866,0.8907344491163567,0.028315430673702346,0.4922132560672213
0.11604912869090778,0.22238887072273916,0.06574380658893297,0.8626658491962591
0.31761996135532966,0.7817100038383691,0.4889627736193597,0.4465154769586446
0.9126464511907342,0.7576922632735071,0.5737273877757416,0.6020941868131476
0.05567390080103418,0.32092190391518816,0.4541621772120389,0.10909964693078555
0.6946633301781966,0.9219825429843234,0.6722951931373565,0.046038596530498466
0.5894175431105102,0.3991887558864774,0.7523481450240267,0.2799718209287887
0.9445090320410237,0.45988380793027417,0.9349098351055337,0.7656348762583111
0.11211683028172681,0.16116153366243557,0.4856557590350571,0.009478291946730777
0.7735119361377981,0.8657580543702457,0.5293627336902047,0.2824215729232479
0.7365755550329074,0.06474786295585955,0.21672877239294963,0.10487048044674963
0.25535955315778736,0.3401773892418227,0.5463761755467497,0.8219097839574688
0.6326305232295826,0.9382665640138285,0.8465811828539227,0.2689373830130899
0.6690575667738495,0.13721687744522815,0.3142063535921439,0.22850473941820193
0.29623480306598093,0.4999569947885366,0.4438177724853346,0.35239532090614967
0.37197601869995567,0.38449551905188994,0.3314512633366028,0.7564415593692864
0.2245389343456431,0.22319994660158027,0.2897475396297635,0.02478790105450046
0.01344689823799372,0.2381240370332366,0.7879275320854935,0.05433049517522581
0.5019384479855348,0.6737339277876779,0.30218271783014017,0.998165582884868
0.8770813608408907,0.3974250721554837,0.38570021559946377,0.5945542719828051
0.2589962462501254,0.6126771346738029,0.8281360462938024,0.3124108854507023
0.7128999878228043,0.27977399108183476,0.5194507218050983,0.8403238054883199
0.6112945532051636,0.35121710468015144,0.6037059309891522,0.9653479997785473
0.9182758213948995,0.13871667904532292,0.06636908072528469,0.1320915160329189
0.5803689320153173,0.029957528399862432,0.2799147597680819,0.8444130882100448
0.49884896102206244,0.4127630480386495,0.19865897547340894,0.08298878516961627
0.5742545938136884,0.9040907826958288,0.19416180574279907,0.375743104501984
0.9860415921011481,0.6006388116213891,0.3624500309746812,0.5155596405917492
0.2599187790207589,0.7294036539842847,0.5505571204533505,0.7682031455851864
0.7652098078556344,0.14473700494951647,0.3695370568748667,0.427665655892036
0.9808083814791724,0.9794190434041589,0.8599002223832579,0.256732755036404
0.5177201989994811,0.31197601856684676,0.5503992103866594,0.2675914794624583
0.1791224909720237,0.999545247562899,0.44393811301578623,0.717397208679815
0.37191900688826385,0.918943840900702,0.22756750339979193,0.8034947739814016
0.13441173660098438,0.540826284098505,0.710990191917653,0.374279668165138
0.2134274537515759,0.45314804471258097,0.13344974825626033,0.621686093973959
0.23614995896345348,0.9988169802778959,0.23631598389686803,0.821946055318884
0.37346197143171267,0.6161459901404681,0.43501041727134315,0.459579581611542
0.8678081052963843,0.9345238643139585,0.8547300337356202,0.8382452484357005
0.6793978476479997,0.7796581055629173,0.059965858558966634,0.7415959228111053
0.7235532255002243,0.8500340912305144,0.44411918167959497,0.1235899416010443
0.4226473968791348,0.2936788078433842,0.1752033782237098,0.6120128324346219
0.9666129695160459,0.8208498950032458,0.48661912962195153,0.023486697286950076
0.1605615677329172,0.17108012610832846,0.12552063343627173,0.6432055084816353
0.9854829251067957,0.47988468304743925,0.6373371028008245,0.7094717756590332
0.6054455287442279,0.1983206897330071,0.31192800768944584,0.7008769530450717
0.05078154125440393,0.2191976607209669,0.008153639215099928,0.26111590742218416
0.3073297226248737,0.8175037234724705,0.0059388155477512194,0.5527837152829744
0.8089551765933596,0.7073843501841993,0.8624192625346269,0.7001524697043046
0.04358782076460366,0.9081187669851296,0.7128575392479654,0.6754661419329496
0.3508770358596718,0.2836902215470152,0.6644129342747616,0.6807165169258739
0.8333848777839472,0.9199205097464921,0.9942311702981511,0.9444834102977898
0.884146457033772,0.3783308329718461,0.6465203386902556,0.3178963583249016
0.8295603533481384,0.8042707279972673,0.7499946286673338,0.5009491204240284
0.8041652534144444,0.3800171771252,0.09447209720468852,0.5716976645020955
0.37215827547678393,0.2563195186567584,0.5432905444495371,0.6239621074178383
0.9620041892181785,0.008902065167540218,0.7720677836953669,0.6854517653651602
0.9532280796498234,0.1968662229865269,0.28992738594752665,0.6317405645537353
0.17004222108132017,0.31460391840383684,0.9991285428137328,0.08152730351795312
0.17136176045528206,0.9757839160348796,0.14861282853732072,0.5715932651918434
0.9227710579787262,0.8605709295378996,0.824773737522305,0.0689006058678836
0.3314648839248182,0.7208258790932596,0.7046921916507916,0.9706980216288503
0.6234321422551893,0.7774646928123575,0.9973737324697987,0.31214244607819197
0.3808887606076967,0.7027907534100499,0.8894747942969723,0.3726659014235316
0.9174391608032956,0.08277820442100303,0.8616181223892275,0.9734834285295437
0.5505356784673309,0.08530016577801058,0.12848895264606242,0.312612391697474
0.3804007708295589,0.643200268092754,0.8309472366182936,0.10796889431921475
0.44395397585933516,0.21903579408816765,0.28970071613289283,0.3587272704490363
0.6516850258710251,0.8787964895777172,0.6827804096553041,0.11636356126368508
0.06549942767025185,0.34897574312943513,0.5021393882494338,0.8864079088459959
0.1329568870656792,0.6068384357098046,0.007518512662243015,0.06710695102753228
0.17287584211630624,0.8669635023846101,0.2718925969613022,0.11880867657611449
0.42658397150583427,0.5322454119125937,0.9471919975680607,0.010133653985220703
0.7511503704843114,0.05097438581685554,0.7869102690478496,0.4363286396292345
0.6541203606449536,0.5828580199458816,0.933249801381531,0.8419063925173911
0.45387634167206503,0.9062653946702219,0.6182940321461438,0.8579097763356733
0.044054321886212944,0.2321872754683254,0.8360461928292299,0.8514370248505231
0.4969719551729267,0.05710369179015262,0.6818895042053095,0.5115254877243918
0.7942685871423288,0.4828707028889917,0.7880248571748897,0.8998585846596399
0.7635919789084493,0.4815413986731346,0.3481265913635495,0.8991954877314965
0.44794114585694356,0.11293139126549046,0.1549901357139989,0.7527462805925188
0.18723493049032758,0.3589312541407874,0.7404721847696977,0.027107435963771298
0.21763636635139394,0.6132809128019548,0.060445431291909935,0.3089703851064691
0.7970382662050299,0.699251015911027,0.05964503385824371,0.022222356837673707
0.6030849744608585,0.30608841155440336,0.267884941008368,0.0591191147696436
0.7600429888299541,0.8586147599449397,0.1042631586070154,0.8430256404180686
0.4301432096115384,0.6743692249262722,0.4998143555090149,0.2775172732860778
0.582023125388343,0.3672165466491656,0.5036155511666276,0.5254304185763968
0.30159641002418625,0.0830396504133426,0.7833848850454903,0.27206637280379653
0.7032592713591702,0.023564499665756244,0.3155391098946644,0.1819963963116914
0.47492972116111465,0.6636083970874649,0.6204432545806627,0.8579354745916111
0.45227062632734394,0.1323241296918901,0.7241497405837178,0.04647089990512576
0.38249894939317364,0.039854714958377335,0.7455775152393056,0.4258387824690203
0.25400258108641116,0.7337354506221546,0.31386246025174336,0.6383501626422807
0.24087325853963337,0.3947136451646416,0.5841444160925172,0.8269755542790876
0.7232970617315798,0.3713486649802582,0.3982024830335834,0.6483580761337461
0.4079818755923841,0.009548349208947982,0.9270927250430316,0.1201857395219551
0.1545902284453059,0.09173463465738774,0.5077441260480733,0.9509310098255311
0.7586420654032612,0.9694680794411602,0.6002816798474285,0.4800034241236445
0.8219352398507442,0.03110925105878648,0.45733876239411486,0.6413691472614241
0.5587254103241087,0.9985520394036923,0.5278786251676182,0.9536229954537147
0.8938931812922395,0.608500578726231,0.19035947279015308,0.17833122761671316
0.1937769240153936,0.6908287785192774,0.44830161179839656,0.2845799517108062
0.3577838883828144,0.5873761965204202,0.521968910370321,0.7676685603779596
0.9407084965653847,0.18333649675461516,0.6390499297217197,0.05652415389351639
0.48683898172212503,0.9694724275594802,0.5617571970424104,0.2170682832045091
0.7457768608648406,0.755945770748736,0.8556210280790143,0.9348876216272904
0.5084306559491213,0.5451388441942817,0.7358591429719783,0.21697034028150297
0.9658812539198337,0.4080023555604537,0.6060666543344557,0.10977590583295704
0.8776703559153692,0.8469730055357302,0.4749049247428485,0.8608128086025719
0.6187484524862381,0.7775885904321277,0.3319142134462696,0.013062515686472542
0.4900474463657931,0.07333000470352535,0.012104164442026222,0.34304234085966046
0.6631679618033142,0.3451825465832744,0.48093131018013147,0.58073824216738
0.06493446023456251,0.8043606130092615,0.953984488060575,0.6971621347245506
0.6184227915057081,0.20025575152735298,0.3954044737945167,0.36537156917156566
0.8763280460815465,0.21313702565166748,0.34952470874563,0.944594942976893
0.111642141141434,0.9821929175888439,0.5887576790516151,0.015661920514851824
0.06677952271908072,0.6900654697667984,0.4480031782537245,0.5545856524050463
0.6192197844216167,0.9766087387615383,0.7379989642995702,0.4537724471241229
0.7544819804477341,0.7712423838678986,0.1390688811190277,0.06576046224446652
0.6680947837807697,0.40453647286567773,0.591404370244107,0.48083684324596043
0.41191836684822614,0.9359705433815194,0.6867249641194055,0.6578868745677818
0.8682163726185682,0.6572017519918633,0.8488727091000992,0.24986034063540485
0.791197416510547,0.11186191630141462,0.5494528136909782,0.9490096134199109
0.18499198370735492,0.2505098359780248,0.22769338844360532,0.902816254025722
0.67745977690975,0.44349017369580246,0.38159914301815,0.8673370151738623
0.8930711188914833,0.6579152930910355,0.8962549557915105,0.6690981663923278
0.46654134328691477,0.8983184520661667,0.9002414974312015,0.5021941104148487
0.213453979416813,0.3308146312048813,0.0940774093316108,0.3747195633610507
0.16362720894153837,0.4659198382802219,0.3200175836204062,0.2401392186131902
0.8241813267670673,0.7418678291724845,0.9221366173940855,0.9454922006544594
0.9572483869165629,0.09089875532760061,0.2698397536187316,0.9003722539075036
0.34953173038283547,0.8343205697513149,0.4642825415583026,0.43530510897300867
0.32026470201809065,0.9565545857817536,0.4918017033990413,0.7926726060156887
0.1276359234758332,0.20807479923121575,0.04161238796747646,0.5108794994499289
0.9979896006835116,0.3395197450845454,0.8138183211804514,0.06683997031793298
0.14364769505710873,0.2749644807469631,0.8049936616859376,0.48808476126366496
0.6536224121300208,0.38395569407927466,0.06007669166175622,0.46371505595401685
0.14235464390201058,0.9631738004196518,0.5653659937829982,0.48451952196968284
0.3537345623371604,0.616619309022868,0.21268897162438805,0.11733607955954772
0.7403963359351611,0.5503524523187329,0.7756111400806803,0.4471409340372988
0.1733755471339382,0.14796255024511862,0.9050555995190142,0.431985864599818
0.006108200628049842,0.4637002779658782,0.9722066728250354,0.5415946801893977
0.9886913731435021,0.6906277905848476,0.25203003534190416,0.7386945760257518
0.015749399601605818,0.3846734116230027,0.16196839449236222,0.6560192745783766
0.4748475963940598,0.07319103633482305,0.6913846958815114,0.7242072696909012
0.7086701923194385,0.32973928671460706,0.003865805231543229,0.5303052675357953
0.20053721250883372,0.31840410543539976,0.99318664567957,0.026945834737675756
0.6403815373287309,0.922816620688037,0.3196215965834994,0.518711640700469
0.19123442054973327,0.7762381670817484,0.9931805109925375,0.12319291086890194
0.6745286883609768,0.9446734373818666,0.9835184676746123,0.42516916230468305
0.8329897044759216,0.07008998723767912,0.7577611329318532,0.5337864183485844
0.8036544698574168,0.2655448818571554,0.16898704123309283,0.7421922589661853
0.599312345919719,0.8745411101612232,0.26635930015287546,0.8479518147073739
0.8466604427588593,0.8809191957467162,0.2888119600632787,0.7486878439757372
0.9378127293256602,0.36849007940320544,0.4721641934681666,0.7536738419970558
0.8160268253473448,0.2660115869753885,0.9620113986190698,0.8590235439783567
0.40805014051662936,0.9489628652760791,0.672283657585579,0.8537413703700082
0.7814167797060957,0.4439710043950099,0.5724572161779201,0.338993348210468
0.17255582152963456,0.8140210841765928,0.4611785028075036,0.5910027832931134
0.5209804790339073,0.7769110808650402,0.9731259801025127,0.564496987760957
0.6280833205984734,0.19830439852373005,0.4076966148186467,0.453021565764801
0.2740195713369864,0.8366758903026289,0.7155972713651316,0.6195594998097863
0.45058656521048235,0.8390158827832254,0.11365916545976396,0.4081512816820374
0.6039896555309124,0.6855158020679369,0.26271877489584916,0.23728827146265274
0.8445805112609135,0.12060654351470823,0.08212272503378226,0.008692809394929002
0.8445186989786675,0.026346294111008306,0.18966171165971946,0.7718669202922886
0.25517289551090516,0.8101829444435148,0.9801794641342774,0.6120037860277351
0.3735636230019257,0.3618763629595272,0.6231939505160153,0.2134552799301236
0.761489613297249,0.8199200419046111,0.5707187197484704,0.6178838649668283
0.06904137705761204,0.9484304755473287,0.6316836803557834,0.5143258071022523
0.4142678701589132,0.14627492529355235,0.7814348949346517,0.771070042312848
0.4299362563454475,0.6118036140703927,0.6455075917000636,0.3456778858704409
0.6666735008656178,0.7585667284518884,0.4984523545115095,0.9914142110545457
0.17236534135674797,0.6168181508866345,0.6719346352027001,0.36464311793655413
0.055013338025131864,0.7810028678058585,0.4400379340942032,0.5955094429032343
0.35462741449624535,0.9713991171078916,0.5475902151240278,0.70870201082505
0.8118745102144073,0.8928015644534868,0.7854419815018522,0.15864235262823156
0.31547005268613937,0.7748407939488217,0.8322499920430912,0.3261735726435254
0.9554887182314427,0.9686211659510678,0.8696953684339043,0.2339560413137829
0.3406324140137774,0.6836842312889762,0.7985427758340947,0.13755180028066827
0.20011315223705817,0.9673685303745698,0.40725684254084604,0.5406509135694235
0.27230225576207345,0.5107750510597933,0.5035314695964124,0.04656536266708955
0.2811674891688265,0.6665206926404781,0.34530057738611564,0.793330273143129
0.735830424353983,0.8386944638051311,0.24541491866987275,0.760485695426052
0.9319363089631437,0.24791403946991464,0.1945121265917158,0.4848542519526515
0.4841249947255496,0.18193800542019734,0.9463520438797067,0.06629093505200223
0.842234986169791,0.17749295309839586,0.9241053015443587,0.6589284933741808
0.002902711169905259,0.9775000865234139,0.6189465754173,0.41008220460096356
0.7520442762524427,0.13288962405870475,0.2483416001905201,0.5024924841456729
0.5791119573837077,0.5546053685773058,0.8473007119274207,0.47970524375775647
0.0037241896262478758,0.20671392815478806,0.19337367626432422,0.7417558690378623
0.22628565400818124,0.10817464452780878,0.2021483740887159,0.027992970996139843
0.5535971215837204,0.28972770289398286,0.7218581790415087,0.13998438375379285
0.14722239193108988,0.7393104889071679,0.45653723422455184,0.9848585788452415
0.7645216885172947,0.29068042891335477,0.29667505240870873,0.18822041503200304
0.04046350162964241,0.8843158206203376,0.6696201017662456,0.46602632054964044
0.31337166640907144,0.542170071134138,0.08379615421062125,0.6270070341340124
0.7666166324448032,0.4959720153734768,0.8828405730388368,0.1009129397580324
0.8637355645567849,0.027014201922864745,0.520117364754334,0.07496129617962599
0.6050007418166876,0.20350246508186132,0.45155059662011265,0.917389286640672
0.43193802349286237,0.04141963978757468,0.14421025812440413,0.48656569239985037
0.7135698277980179,0.4162210873181005,0.5251723701767679,0.8936462221592014
0.43816649797849394,0.3477073222916307,0.22652652526862438,0.42384084966496294
0.3076617642624607,0.44036430975905894,0.33236529217932054,0.8448893060575645
0.33475542766146016,0.3418429113974768,0.8042379812811914,0.37597564836299835
0.08637381616361506,0.9794868034185436,0.14133572124081017,0.1764052872295434
0.7875121664922655,0.03460049844665147,0.13619617779688586,0.30897346343707754
0.9294708356871175,0.5249617017444895,0.015455392898828357,0.05249231693665779
0.29359558196787516,0.4546435943877405,0.6196683943195225,0.7035216434898117
0.24393294982113978,0.5829726077111718,0.01572989726854812,0.07570857651832552
0.003514388685350145,0.5766483778905779,0.04886381367134596,0.05456050791265121
0.36409437692870106,0.6804524033633726,0.6737846226214671,0.2192480716713282
0.5918808363229587,0.12486550375070382,0.678597813175932,0.3590290573836147
0.49296548191537304,0.6592131587864071,0.8352383657323748,0.25504843233346797
0.2543051359016649,0.4770915189766177,0.9706919217411618,0.7521647901454714
0.9809332300869411,0.1280370726329556,0.7353276716614429,0.5769234659259269
0.4476287854547182,0.5537634421741766,0.2930947936318655,0.5654387852466692
0.7307490825513169,0.09576269128790604,0.7301658905952754,0.6666256931059025
0.20507848117216032,0.1621012175789719,0.9710530506997721,0.9640938920388434
0.6794932020116159,0.3632355579068265,0.4138032438373005,0.8878657173620484
0.05697655812417701,0.4403224895332962,0.5585445258022282,0.5179533980560134
0.8769684401811175,0.5979215049830001,0.8512065406148526,0.11093778976843849
0.717512260625814,0.06660496671007332,0.7629681511713606,0.8937340183746465
0.056440601856683315,0.7719975719577559,0.8797500375059291,0.2814547167114152
0.578923987164358,0.7203631529357827,0.61138161059024,0.2618564659192002
0.4038395420223402,0.2780818634318779,0.8261343049901162,0.7597423290220349
0.03897452604250906,0.4313547159689807,0.9725048222003194,0.6534790297053518
0.4431434313447967,0.7702607030781551,0.17425079614408467,0.2869305505719487
0.11998946205377703,0.6847740995390477,0.9578472826786257,0.8873912850499143
0.8890448875555031,0.7107873566887082,0.7053570290262928,0.5737590773643341
0.8833465793473998,0.013617200762756299,0.23665523702013824,0.3723379247129983
0.48411990923688875,0.25006246484920347,0.2184037020116003,0.46688340555270835
0.49176659656187005,0.8110048174569648,0.25018750402394874,0.5960469150815177
0.645006885367992,0.2121159397369644,0.7576236781283427,0.060490383125380354
0.8853516165764529,0.6229840785345846,0.09274140946485354,0.6029501625086241
0.6163303503656743,0.0874812122254166,0.5014427672581724,0.1480348072518476
0.8406641389316823,0.31413384356667795,0.10742381904895304,0.9177572742555077
0.6805123766239597,0.009119485997280852,0.6045217792547762,0.2736912911726014
0.40793263517138756,0.10937394230585329,0.8620423151441542,0.6533028024964024
0.8182448074036307,0.5518377987299304,0.055047506907304644,0.6500468763068707
0.7436584595394508,0.3050862470542747,0.7100563442349574,0.09818607106708233
0.6667360038811863,0.42540687032199476,0.5069330639745575,0.1984915127225586
0.2710244536954989,0.42616631152080264,0.29464367761658383,0.6608882260367904
0.06840737669977603,0.7066859558647405,0.2354390073818281,0.9803229691933897
0.43485656817769947,0.5453606755973331,0.22667608570675457,0.03927227475555728
0.6302668356823199,0.14329323163094376,0.8366495902416362,0.3677687160650518
0.48450191355350614,0.9759158232216251,0.13816594547590322,0.20770435926176833
0.4019136183038772,0.07601453131392755,0.3393918796190437,0.8260138434826737
0.7807339121691622,0.08872125396137776,0.40773678829489035,0.27276768562377895
0.17213375298239708,0.05147986478294442,0.2527028217767442,0.04245719677706694
0.34319199414988044,0.5288735633684004,0.891381856139773,0.9734967430622776
0.9361018008728744,0.21139243800819574,0.9464799497668188,0.6836872673589387
0.6362553621308409,0.8003813545051209,0.6469568028021714,0.41119970540942263
0.12339157666032952,0.9248171266040697,0.3168351829425007,0.14662195231167985
0.24600524452917782,0.5082639466394185,0.48001560604000826,0.6300692236516452
0.3687771828816413,0.7685767461307634,0.7583257964526816,0.8789648950044663
0.7935826871249724,0.0679026989240028,0.013552985086731306,0.6076218532858146
0.2461034532956934,0.708922317130324,0.8793639842300226,0.9468174075280311
0.7152986068244923,0.12263061552662091,0.4315817759019346,0.0572193318469425
0.9115363133547432,0.6758450679210188,0.7685080851411646,0.8830236907429105
0.45616125731081436,0.6872080300948122,0.25745681389862396,0.46020195816744236
0.6580282767780106,0.33330983295136807,0.6319068195175006,0.7189797400705784
0.518657537356243,0.8300130020892219,0.08851541532282536,0.6696244727056988
0.07905777921113077,0.6399987802036528,0.8578155765814328,0.18331132937218497
0.5176347442873435,0.13786903536668893,0.4973857031504151,0.7218009400321826
0.11354623293453325,0.9942637452761598,0.6458459877401856,0.41225500980743657
0.11883046479767978,0.4449160319326555,0.8941114127669075,0.9524061816389499
0.3802370665264396,0.887423578262604,0.022643367911530876,0.19301601823348558
0.3852723537817454,0.6187202356738262,0.05945851380347322,0.24600405092790656
0.10715966887183903,0.34832314726395275,0.13276171449052943,0.8681914949389086
0.9294585979691559,0.5632842434934987,0.2232737749171707,0.7103995579240243
0.628577808913335,0.3050927251235598,0.10585249735166813,0.13730380715297397
0.04854351903183873,0.7266271781459179,0.1679788421748153,0.028695695547451994
0.23572568398463856,0.40332305316659356,0.3890221840714999,0.06594620057762979
0.21318736179975595,0.021084891779971082,0.42113825240772673,0.40641955840337207
0.33584217258920057,0.7695827799407071,0.3964372638665892,0.9613764412300789
0.855508042845683,0.9619405171543776,0.13273622495984738,0.2944191953412113
0.13156004315112124,0.8380188897425432,0.28954363022465346,0.28099994980247056
0.7845348119356758,0.7373702468530959,0.7736182748258847,0.3687735806812352
0.8631583575433802,0.40547568914938814,0.6168004168574989,0.03338180482612696
0.7359851076807064,0.381471743085222,0.46418153390555084,0.00831099217001785
0.07186183159194959,0.5960805474361589,0.6759333264579556,0.6010776484967191
0.6013818384506319,0.012358895340175202,0.8038305882381062,0.2561428863323887
0.8137685731456101,0.45038818519782675,0.308958623030541,0.2976840217122474
0.35459913845512914,0.06508363698175745,0.9176073505029829,0.44745400587426687
0.8979913970208517,0.7991553610698647,0.3120707879197948,0.3872461909317654
0.24827274501336016,0.7093063986833374,0.1898089117959424,0.8573671620140193
0.664624918371717,0.6400569928319984,0.3319822342713603,0.8584751191276029
0.6632473022540001,0.3574510374809934,0.8611786331298351,0.1062933995331572
0.2748943571351301,0.6469836593025047,0.3818977683109266,0.34995786990134126
0.7981361902990737,0.15260391092678183,0.39621809387358087,0.8444363377532277
0.981868299783969,0.8236292747197498,0.00416205540756498,0.5482174306485801
0.9892727349641399,0.4142860637341672,0.08438909065171563,0.09281406468964959
0.019439516919763977,0.9263516603484202,0.7867310122544219,0.8346862885857762
0.6918258600791624,0.5138366081292143,0.643851618858816,0.6122719507364838
0.473392745061878,0.8472636557829721,0.7120358445868881,0.15857459032795862
0.8789830562324872,0.2246280969555332,0.02614951727500958,0.6472840906528432
0.36822832218110735,0.5338467063721358,0.4796647893183531,0.7720692348693543
0.19395197965897915,0.9809160742309934,0.43202671800959536,0.7530353039715
0.0425203283020813,0.4664836885307997,0.3828922137459406,0.6144363681610049
0.6553826732488803,0.6257271087755596,0.21040302367241892,0.9621919193510463
0.9019649638834106,0.5435770725845133,0.04345953502714628,0.45772996129111176
0.8160023141872335,0.5697700826048685,0.2931733275914228,0.7140833760383521
0.36574304883800557,0.5563584512684964,0.5375429852080946,0.18217311389934365
0.533315758508104,0.5072649188865829,0.5932582953668966,0.6324672479718657
0.688123130069768,0.0422792659039638,0.6609475647811633,0.47784055096522704
0.8677390589152082,0.8731480061020066,0.5153014471116023,0.04592733458891063
0.5934368196111592,0.6057158287872851,0.7113994505272374,0.34623493621031753
0.1454082769173215,0.32591849297507935,0.5485823314420556,0.7415625520240828
0.2017678215646398,0.9487228631910924,0.7008760206806113,0.4526334331091503
0.8157591777395142,0.46291670140256125,0.4095672294396028,0.44590214606110523
0.2208969245587611,0.38494147973291903,0.3065131906929286,0.5626740804405541
0.14827449015201444,0.9321714947692198,0.5820370172882204,0.44758486239565154
0.7818472418467494,0.8191856646386888,0.7772903993314061,0.5468252843001915
0.2503384708844276,0.7454042660979475,0.2754017841078854,0.5942565312549671
0.9597884166049401,0.9337674806961355,0.41075309175237784,0.8746146492328148
0.6624512873074855,0.9838833434681177,0.7471064361019165,0.7313199358031404
0.0017812224823885447,0.2902088943291493,0.22740940857632996,0.1557162673750938
0.3861452134260347,0.14511059867131648,0.5964888766418092,0.9320220864071473
0.31560461502206594,0.6869946118836382,0.3581889589744691,0.1351766234798507
0.8586307739056831,0.09140933436241228,0.8958964791760862,0.7216791302956088
0.7990823199968967,0.8096003215584756,0.9350918827230659,0.7904886646192726
0.4858736018174109,0.27753621476818835,0.5774568371582967,0.7127325288097194
0.9159601398455705,0.7410258223265522,0.6014892470294018,0.08533553897896684
0.8399921139115041,0.9430267321826005,0.9409887506255409,0.8840252083660153
0.7721930140199459,0.28125650877169206,0.6391604915809306,0.7082171653617486
0.43205902302686383,0.16279164487238296,0.560588524966548,0.023908455695826114
0.7562929661026527,0.16152611636406367,0.7447338150920794,0.7796620560640175
0.5934085869620512,0.6627830529723621,0.30567574481885307,0.3815768070258412
0.05490478024861367,0.21780073275015577,0.3348554504332608,0.8404486501450817
0.48091262290229575,0.01720724431034648,0.9183031381365562,0.46368060541872247
0.6768550162948002,0.2223437599881788,0.9350432012999653,0.1173407089390025
0.7557619347762695,0.7251685031438665,0.3320509444964266,0.09022214002590057
0.19309966006557877,0.6142872407176263,0.9852289439899835,0.10125007044122758
0.5822984067552711,0.22846367612177432,0.7646375827527577,0.3118525908309757
0.891803429693645,0.12990181925782873,0.4282036525593993,0.9063310088321559
0.6070203183066865,0.7521148598543779,0.5018127812869898,0.9875293692235405
0.2690721979658385,0.8097019502324461,0.44437934763462117,0.8252037680155389
0.678457907364909,0.8613896132363889,0.2476714042532594,0.5653820675348524
0.9478376538522367,0.10781613976106763,0.14676741136066007,0.5869738314539678
0.22727404463747292,0.3279503771550799,0.5537405203096429,0.8844657438122647
0.016556292816042983,0.37952250620318506,0.5293988549034007,0.7933036751055212
0.3737079437711115,0.8389265987828746,0.6666911127761155,0.00828717080375474
0.4837068686673619,0.7684238585320224,0.385235352562301,0.04106906629269158
0.6304785065247671,0.2789587493211697,0.22239207564161045,0.7451702241795276
0.13657769967133693,0.825382859951472,0.10413595651971153,0.6263775752408509
0.8522666487118671,0.06571458954108,0.9146135689994516,0.8925750485186771
0.9436245082120145,0.9599151896225733,0.03977797534530236,0.6914113875392129
0.6395754559806898,0.19095839841677886,0.42895214513127466,0.5452218148642426
0.6054131166545192,0.06846916611446485,0.480519047969856,0.7772133915428215
0.8787909925298515,0.5916449440457835,0.8284500825551491,0.5478915429114203
0.8430810786971326,0.3920911030135774,0.35604239418440153,0.554934891750943
0.5067772138246192,0.8646894772073342,0.3939916591264797,0.795866378651232
0.4019697967084416,0.5437774107516444,0.4868588064282844,0.05811719245490976
0.1488462598960405,0.7428659251282653,0.6491391699129389,0.8494093762327528
0.8851160087523112,0.7514394097613964,0.5721037460098696,0.13690701190068233
0.08558192877147508,0.018814587778020253,0.690461050692591,0.008570339584645148
0.4123397837671984,0.0351985339185894,0.9582186116471744,0.4083776051306558
0.9342171410760436,0.32981497683957406,0.3202208507257621,0.6910009089665775
0.017630787435531925,0.8632957910865127,0.3626321863773825,0.8974004452074593
0.17550483639611902,0.13939987751572602,0.2870691196263597,0.11352432544580837
0.9522693132779558,0.8603323847427456,0.6739603730258887,0.46452565749273456
0.9711092132539327,0.7063888883993423,0.3093711225056126,0.1584960586871098
0.7252673367049263,0.2502061062081109,0.9933820429181915,0.8247359118621905
0.2137792801349504,0.40641968730594047,0.25540147205281805,0.2666264503887812
0.4926280319907609,0.18653056593204087,0.7224536831780644,0.9074880098271351
0.17357502742539954,0.6120760344168319,0.8807187892635301,0.04124643193773747
0.3144326435252801,0.7776198484604894,0.16176002800826217,0.21132791713309862
0.6229540678767911,0.9127114871891551,0.28690725036439846,0.44092014304941085
0.38007292023984063,0.7076283457689616,0.7824422454357551,0.6435303378970892
0.4058837164094059,0.9493875539559756,0.30562100604590925,0.2583227856084883
0.7146273922888478,0.0848914665692333,0.1231313108765042,0.5571099251516063
0.0346688446342458,0.36734952661826015,0.02196807732893491,0.22569709209976763
0.6770125891411869,0.07770749319206716,0.035306057495334664,0.421664219293029
0.8694473597823732,0.06963976942331018,0.3587260871957474,0.028361549091127092
0.5728613629431417,0.0032016720062417736,0.02036427098156368,0.51181552922393
0.7142644965504309,0.543812446219984,0.7897408989395683,0.4826755391069999
0.0934650808751264,0.09736907951735041,0.5722959606200562,0.7615827532269553
0.2853128311026579,0.35945392217711236,0.22386122484944038,0.34689358151311334
0.09697167165622844,0.8244433233614801,0.301998222800797,0.2909987536093145
0.04561708488044269,0.2711293035702572,0.0741519818405395,0.6887732822463861
0.418796843914258,0.3189575567608608,0.3780414407305691,0.7229710414923287
0.32051702797655224,0.21415617840313683,0.7485732706174648,0.6376099040016635
0.2194068468907514,0.362139567032852,0.25923925313490337,0.4101741200260366
0.2462404027517512,0.11410666487579912,0.24216172500938948,0.5406605226140329
0.9784266577356747,0.20953409278938662,0.6489946935027534,0.10229822572033886
0.5942341439503275,0.11324324081176773,0.353362593038536,0.31538119613915694
0.6751381975340401,0.8875462966951668,0.5783175835024382,0.020048509058123498
0.826560929757629,0.9876614710068613,0.9056796586681646,0.4695509928361037
0.301175087983657,0.6677558088758521,0.7398892821828303,0.6231162234806769
0.13893348912107706,0.9415869775225427,0.6521312555686333,0.7496022828976897
0.39171333361979377,0.38062398265550346,0.4704279643299609,0.4867963137285981
0.4099764636369947,0.8725126847097864,0.25063154573941426,0.6190781436718754
0.039360180083083396,0.3866691854928862,0.12577707653933612,0.9418759085645456
0.41763545518649314,0.4503730293329158,0.7945957363217732,0.6803571415160549
0.7297097653813552,0.05819821374715206,0.7289610778203107,0.7719328157124203
0.04623587186568112,0.6610325680608962,0.412927646215288,0.0836405340508305
0.657496146878329,0.9471587236407834,0.06578367222962023,0.9780966093503648
0.09012179092716921,0.07437062016629903,0.48496105454567817,0.4972583975289816
0.8963032714892195,0.9851135322090174,0.1800248305797164,0.6952269742896554
0.43417605043321206,0.8650533814709227,0.4805473009725464,0.03917136375128516
0.1841146882912944,0.6733850771120647,0.6283453328732733,0.6496008410133632
0.2055480492355619,0.5260312055366089,0.9396065067331968,0.5408558258781153
0.3658754202995421,0.4646438165341711,0.41660798397930976,0.9618210071168688
0.5943534503833018,0.9000787543303561,0.7893797291311586,0.48272930831987504
0.4964275066342345,0.4098409121724754,0.15485794674992903,0.30159617997362176
0.5225996239162192,0.008543602177357723,0.8345630538367126,0.46489090791769516
0.0955104047102342,0.06858927643938395,0.34277648059639243,0.5274929382671103
0.8621985798912337,0.8765793512720038,0.7241896714073762,0.0356747583862449
0.03135788194175715,0.4521026063293623,0.025204598121080224,0.3516080512730495
0.8104638495167517,0.16544150036527727,0.3813795531635854,0.007283670582322266
0.02577661122060504,0.9252858100148402,0.28633324221154666,0.5983458110271135
0.21825374680085075,0.11771815369369032,0.1780779128180826,0.505274449559421
0.6914749569036694,0.27774054134643555,0.8292191310097439,0.1289442014589941
0.5571333963032202,0.9578912480163293,0.9889524009422566,0.14857818474293594
0.490327801109639,0.21239945973848529,0.8972550757090643,0.9037665304105877
0.8908202980542131,0.7150408501464968,0.7794377598178863,0.29342066484212637
0.5360022881081353,0.4022275981426596,0.9497507627571271,0.9245853122269787
0.9289668167970425,0.8077674395339345,0.16309358381044403,0.6281670059506489
0.6156661901837207,0.3498819581211058,0.5159427081282286,0.20435335598233784
0.7728367913322453,0.9246816100539816,0.8347904161858962,0.27137350985154485
0.3484122946216064,0.5444992234604075,0.8047446338856656,0.509847483782036
0.16890249618554654,0.44753772454773944,0.8405928937552042,0.8113723750543124
0.8639799414549819,0.9447204489727579,0.7298136143214681,0.4999909032719253
0.25633518157547375,0.6030436365887686,0.41780132251473556,0.11901714318662626
0.2630953153177876,0.09126510215587424,0.6540097780148073,0.15069348606938815
0.15002197736461664,0.8872097743432357,0.7706694251790029,0.20544349599511835
0.9033494420255365,0.11217096500092882,0.35666487152169035,0.5311168035173026
0.6349349264462107,0.7638947832893225,0.5831585767330204,0.9990098576391998
0.4159205344763163,0.15482092545833892,0.8236166708929324,0.8344075807003941
0.7759358803442957,0.13527219817008473,0.02671260820010768,0.4764446335354794
0.7192468389748032,0.5397337544889799,0.41951381911134644,0.1619734010053574
0.9822249558508654,0.4615675831131394,0.5924771732273844,0.45516279303735385
0.0841665118125865,0.4751081754440649,0.07486562359217963,0.49207456007014005
0.6378341171895665,0.6548702155981695,0.31123501874845017,0.7290130976264031
0.43356282276205615,0.499603931407804,0.8662228298449051,0.931262404881628
0.4693277224233139,0.7682928088027853,0.5278343915835283,0.04460411001753195
0.7511901266764642,0.6731417338823116,0.5367806052216751,0.34854305045355094
0.2900256933318771,0.7553872544809722,0.2789764317130816,0.383960412856866
0.5989835148415692,0.14090272097651602,0.8369010730030039,0.9957728748745586
0.965947884864445,0.47732169763476073,0.8965492329394303,0.1381936004373674
0.17856017210160913,0.19289266623824808,0.5084054130406864,0.3472848242085559
0.17304755790018034,0.7995272378915176,0.67020558266185,0.21563232328005189
0.3236605734051431,0.9683594973904405,0.23306701241365224,0.022804800972035633
0.7842567524391569,0.9803854862057306,0.22013336515900184,0.41911494375729186
0.9471745929305575,0.5360725549033853,0.12620690135042167,0.004484321082103726
0.188239015624314,0.3705927441236865,0.29058478657511067,0.9700316168365205
0.5364347573233701,0.7983684761655321,0.3256030561026587,0.5328874056652184
0.9438904292162408,0.3308112111650615,0.8188504977619221,0.13059747254210985
0.17537060706505203,0.6436432822820399,0.31230732853397203,0.8884489018270811
0.7989252575953871,0.14562553106575216,0.7030906138263059,0.8234525475269117
0.09334068492355707,0.07526975449812756,0.6722013294911918,0.7095010192251207
0.08447824688219763,0.5220537680661496,0.9934562275578358,0.05166381504983997
0.6501262207449949,0.7267686618738824,0.23333662465354243,0.5218933813695286
0.3130684997974532,0.36131951436792864,0.2538036795022055,0.5262134935678687
0.2807257295754326,0.6009141620867076,0.9520189074303668,0.2696234545567556
0.7828150948740203,0.0629565438520795,0.014263661027315022,0.8838286264326066
0.37089147968300373,0.2916324160249869,0.922613244655304,0.280682811535361
0.43428908921142106,0.8754843626156715,0.6090881432860101,0.2748695694511971
0.8455562522651081,0.9260484488609273,0.9922136659914436,0.8274489482959677
0.22568338717427028,0.20504610146153768,0.494569305574048,0.10620141550213102
0.40200441866715564,0.7177340866351192,0.03527091961602258,0.8262695353878535
0.311179674323537,0.7539298415097403,0.27799334622489236,0.9004485782181105
0.2516202935673575,0.7188602259845769,0.6305018367665218,0.7237725070029863
0.30218909970964836,0.36123805014098653,0.5730487384000438,0.9116251605490748
0.2533118546558929,0.882078010712302,0.2658321775520883,0.06533684780931037
0.75851019307089,0.0031589153226628808,0.42527079155639,0.7098922629634333
0.2675580654847196,0.9533275954805763,0.8237151985161197,0.941123694618685
0.13756284172565558,0.9392374599831217,0.9527983426312231,0.23252018033119293
0.9422818714553094,0.6388024943465472,0.970249759242228,0.7037659799452292
0.24557308506257836,0.30313691009755506,0.9716163016273358,0.6377824731409472
0.6048436193555305,0.33698730348922834,0.049248853077565546,0.8916389531415925
0.5055052839473825,0.6303749611369822,0.9818396579229052,0.9754859473907083
0.5684919074714794,0.4810404287574269,0.4393697260692889,0.5223689771391219
0.1721740379696972,0.2903364948028059,0.328422686876205,0.5732473055205545
0.858675853128217,0.2621819040513932,0.6583654358477802,0.13988448277823495
0.7643553691264265,0.955223636626281,0.06951499991723809,0.5775607177260879
0.42029564847625833,0.8543251370653926,0.8555985403182125,0.5056266550181613
0.8448671334430735,0.48654647814915153,0.8295889325865029,0.38955901509991275
0.2943840009661517,0.2552173284668575,0.36611731670383785,0.8323273770338979
0.4391453083727499,0.1749195236589136,0.8707788201865027,0.6517116716023083
0.24180969969091493,0.15028186454448633,0.9834468699845237,0.1825661863288337
0.710185587897049,0.20526433341411998,0.9747710697668113,0.9979853918422779
0.2664677667414538,0.5878587093613922,0.7975110039997714,0.6575750420936071
0.34740657590572077,0.41561647848696537,0.8465807397495053,0.049259147779097345
0.027711499439941556,0.845610066932719,0.7923191752232799,0.9239418184403293
0.9267392211124293,0.4479193581642308,0.5447086331386087,0.633753837014435
0.06110888246882251,0.5095086324862615,0.8867779527172255,0.6104030786587127
0.9081095545405821,0.685159984023354,0.7244461946231849,0.27721845473929396
0.3675902964198283,0.5963506977996794,0.25352745379495956,0.16298717010937336
0.8927102283525667,0.5060824434111508,0.8597994543286506,0.5843965314047873
0.6861728086988711,0.7155539684530733,0.4143142563179074,0.45863378684196743
0.23048260989895086,0.03573016601049239,0.6919341793436439,0.9360548933094047
0.8776238595276771,0.051334001698616794,0.08727686436942661,0.3663256587264665
0.5288392642915027,0.3734474486406957,0.8322373481700694,0.5209567177915714
0.647552243767077,0.6827378498950981,0.16530371447816494,0.19867903082706018
0.05095012072615057,0.30242049039815155,0.685485293797741,0.08606255915277516
0.8270139383365842,0.04671995524547046,0.02054707508948339,0.7338739252401021
0.5960955575944957,0.1406082657846648,0.9170624139125049,0.3228775051705882
0.20447865934067666,0.4340976857680017,0.4352234474466711,0.9139115456665158
0.784565167728278,0.7478348915141236,0.4295544771497981,0.4944850306828309
0.846451364408797,0.510752677404852,0.0787484578732831,0.8121574258768554
0.3765112669930166,0.9850380346335488,0.41234277035847,0.8804910009242247
0.018888989779541454,0.04759518591417877,0.8057362208274327,0.5977634632561545
0.30219891884138284,0.1357858965419988,0.4820407709852993,0.3208383263482607
0.1404354695468979,0.5179959077051902,0.7666651832012834,0.9305713467519992
0.36310895306945423,0.5447195799223579,0.8722356094861334,0.29256392006448795
0.5647788949303618,0.40571194182304005,0.5085007046126708,0.5383993849207227
0.1441330386981291,0.8914456442314862,0.0869146403357044,0.28828145017776274
0.0545977030309347,0.47758466068764127,0.9678803979227811,0.6129579933267767
0.7022072847135065,0.745349772440266,0.5199160826778393,0.7600301972215114
0.2825760688027088,0.7790897627259262,0.9596663306650076,0.7166203931225421
0.3039623734605459,0.0995633761715492,0.8942431484234403,0.47741153605673925
0.08865516801074824,0.3963239863572493,0.027724999012090912,0.9996930896480442
0.9697338996014272,0.17662794591663145,0.6816252270385509,0.30002648714212643
0.2954748498336077,0.3081364427596115,0.21348746202134017,0.9002753466490819
0.16410558811042908,0.43087534249931425,0.9565316472177047,0.9711073357613436
0.37457386454184094,0.842569321558327,0.32421260516949657,0.44430504199118226
0.2160099971567877,0.5834125492990692,0.3595979759365113,0.5147367748483789
0.1504364706858159,0.8486968648129373,0.2740068720558235,0.9132157700759401
0.583544092515691,0.8190150242362382,0.1521716835324236,0.43181174496518215
0.6912147637038077,0.848097561042851,0.5143482709364053,0.06943957535494816
0.9720088313520603,0.8274164561655452,0.06127394267044406,0.8369998258678754
0.6820563626351722,0.38865752461417313,0.5378952861974764,0.5737251097798776
0.026167434464657968,0.07213423246408257,0.44119335744606936,0.3470232145558053
0.6881039933743446,0.37856992969313463,0.9836443356865748,0.669248242805175
0.6778685661729578,0.2871195137044956,0.22537951926476296,0.7659069309118671
0.5846269697990842,0.9201697529705539,0.617131662611401,0.4275087116693641
0.9262404844949229,0.43955942980971685,0.742880680600093,0.7497050901010562
0.805616708554476,0.7202032831294243,0.7878257041525655,0.9226209083667698
0.12534479704521184,0.7713492256445658,0.968922806180694,0.8607816520351076
0.9193409196771095,0.9308249541761684,0.3994434419403883,0.0504352875179469
0.5111110159273818,0.06688422862996468,0.7930509062450436,0.12648309043553108
0.9390038837687698,0.5630866126987681,0.33093108357262,0.08305670698269829
0.7783246203543666,0.3257915751466931,0.014074003018124781,0.32795066446679855
0.8407489741688845,0.39536262026869384,0.2946446090269943,0.7783462445957
0.5435849562920474,0.15496813109096808,0.6765893683057816,0.5585964196293914
0.8057210018844692,0.5370910421269519,0.7085554138927327,0.1852866202715423
0.030290955548397336,0.3233965786105595,0.7189844871097527,0.22953043026320474
0.36504698391445145,0.20300384999787224,0.9917062227835346,0.7356061348835173
0.9888224725408272,0.6875936566884243,0.1304071102036185,0.45606877010902
0.07967545794868713,0.36339628415678016,0.16586583721056491,0.00228414528387455
0.003599835703688603,0.8513873780955491,0.870678805705248,0.7857932566474565
0.23949854874865661,0.8729324213682174,0.7188073253448488,0.4346167116361197
0.06173731432212304,0.011553100557581963,0.6059026603881527,0.9827189874793075
0.9014380436191862,0.17147795579409097,0.07448029040511595,0.36144589273016003
0.06949479469101127,0.8498425987950968,0.6555719087555155,0.0859073700958084
0.4145563164217696,0.8596114634889973,0.5807833136326608,0.05455320469513858
0.7668367462639131,0.9010787559137838,0.9527831114694304,0.850719314992146
0.3258078624890999,0.3957939839309319,0.029470181978033638,0.42151270746109026
0.24153531254833627,0.20992573304052287,0.8375672046329055,0.6336535382203666
0.008329365066804373,0.33140930983043804,0.16895427737628688,0.7464780166797629
0.4896051338011037,0.7984468154556471,0.4781406258719286,0.9581579463905201
0.4764673804294799,0.6494783553446742,0.8831324193285621,0.6182655768219383
0.29617904440941023,0.5798873580295099,0.9086984591989259,0.15519761349949623
0.35133936149936895,0.8181055364633636,0.18180998771696777,0.5946674167069088
0.08770929428804775,0.14419673418778656,0.010958354149991245,0.649731685389673
0.1883520345061943,0.9366062782881046,0.8736405124178558,0.15359295333639467
0.7919627178366143,0.17843024441612576,0.41507859777167355,0.743559108116273
0.5457807699184,0.482702605096925,0.2732249643267386,0.5319321427413894
0.677626587325008,0.3614304281610916,0.5177543878497765,0.2443090608005628
0.513033416367392,0.021728329579098316,0.4090797294592353,0.6491832991872177
0.24570043687451737,0.5752261441546173,0.7718611030790063,0.4910765197423955
0.31500263269861395,0.624730032782707,0.3196723204086809,0.6167991239722057
0.6610401571878833,0.9613093437553171,0.6950640212577957,0.12899662296151282
0.11597590315368611,0.13930097503224803,0.6497470985437812,0.5483367296836931
0.5399068262447023,0.6832969238740174,0.9933794104085947,0.48087963997710537
0.4690890169523837,0.672030540252854,0.32075857884033077,0.4003669516249091
0.8736622821283118,0.3190976198696497,0.6322408338354252,0.2213759285660818
0.9044015534913699,0.2250147177459233,0.6051445164477253,0.7147277749691862
0.5618989940653951,0.8504201154159747,0.18807274778613725,0.054173165170657955
0.49632418630192665,0.22912795390706253,0.47605233181105844,0.7658533209369497
0.22259744631,0.21200967215623168,0.8388422841176951,0.06567793256457066
0.500078643387244,0.7890466477336924,0.24582544226882275,0.8208970473820693
0.7403677003248699,0.7095122606564317,0.5506966324876326,0.37102831341981823
0.29591080791269975,0.4952155539087173,0.39479506863752745,0.2923232049124168
0.023047112454365637,0.0679382069123361,0.21035444423268612,0.4430639295898662
0.9710036032281947,0.4597825770606203,0.38910198709953925,0.5364976077799284
0.8947769411686877,0.11802937570322891,0.167411938080548,0.18433381904230428
0.4783581727015348,0.14464083683519668,0.4814516622647884,0.7545919653506267
0.2084398023480708,0.3328195130490158,0.44806665220866604,0.6550883055933558
0.004168951453355052,0.24097099472382444,0.7538623790076968,0.03344433979998507
0.06113412639754967,0.950922738550616,0.8396371973059327,0.09448311147119204
0.256758030224739,0.9458854579242555,0.8009407666874128,0.5208519150704234
0.5574278695505193,0.49509544923326865,0.7212840046540469,0.9224574816509084
0.9337244375287926,0.11963889512427006,0.13706196568604512,0.6208697017767808
0.10410056016442937,0.5602007409710209,0.5023526197223668,0.7647868877813375
0.5149857402497189,0.2293079225709499,0.9361869714670619,0.46818699981151113
0.7440420262056041,0.40252067930659163,0.10332851726318504,0.4196007203761014
0.05512455116754689,0.1845704520455117,0.9608610978136817,0.328428913934
0.9411662322585628,0.24872202974950053,0.842680569614783,0.5002510819493663
0.014077484216093894,0.4308768065712877,0.06662148813131408,0.04043976937016158
0.49527070930072414,0.7053704132963953,0.44730153125752226,0.9259151207967492
0.5376937290473147,0.36014999895339483,0.37577978975004633,0.45680398186192206
0.12348046971844606,0.36013626565722634,0.6053895741381166,0.2216727272651251
0.2785759468963842,0.20062214353071395,0.9848062877877789,0.29598543200910155
0.5264634521923545,0.12333470252547973,0.34685350569764806,0.6383512437937301
0.8043098162367899,0.15701258981231503,0.6116131291230367,0.6621677018208261
0.8128398919783129,0.4294322865607646,0.7199879433511838,0.326831519466135
0.1226191222258991,0.9355090984790914,0.028593822406091318,0.756633446582973
0.4082403649324303,0.02834370147824261,0.8399763596476184,0.26470274613527
0.0927306249681712,0.8677592662921386,0.6825956979523597,0.6191858071492268
0.21771861279040583,0.03337212739798223,0.11752335824672966,0.3356873470639854
0.21994501389281362,0.7137669501555283,0.9608145706786897,0.6708958136481351
0.2300988572433229,0.3007397588819094,0.22367195034688836,0.17111669848933808
0.2837908915361641,0.9979292270344705,0.5861164664066959,0.6344689454545603
0.3249233325827995,0.14923675982905793,0.3086390389102923,0.5555105760717032
0.32174861506846686,0.11338619908517344,0.009415257117455833,0.8533118067360936
0.6532216300086289,0.6442131607418982,0.6999170462207273,0.6856361238127635
0.7835615265433583,0.30460024196774527,0.49546955951326244,0.9376398232808163
0.42409256466136647,0.860419568905965,0.32906319373023973,0.0743345685875868
0.4185638337313179,0.4614409405862203,0.692358622388877,0.8291585787325298
0.12432943710023747,0.8110742618794685,0.2856804711295218,0.09168188592019322
0.8292181516856751,0.5343556883587556,0.3918658602080197,0.016307349060487475
0.6234797159008043,0.031159903503292785,0.04549648488248481,0.2932649093767309
0.49201790835791537,0.29183498154023135,0.060007122002541546,0.9347514346186157
0.04199737627220168,0.06643468312245926,0.01693052944204565,0.9613472688045887
0.6513762666343926,0.33057909775681305,0.33716384038049607,0.18615436217645775
0.7260282698918344,0.4363727206587661,0.2250088799534179,0.7365434440982209
0.28869908468967875,0.8419165128859284,0.7194111731589053,0.4944049736443833
0.24674985148869477,0.8142849159309966,0.5584271830073769,0.3699271913847142
0.16096916630839708,0.6343860548638334,0.5244176578528509,0.25007188891053855
0.0980205564000799,0.13097919240942457,0.10743306386262053,0.3689781266142279
0.4594831703325626,0.18723427043915686,0.9889074363124073,0.6110775606984101
0.21094414346374613,0.21848032447709365,0.7573322562201825,0.39327945887673255
0.0036181909858093997,0.5636152047289854,0.2421206069191426,0.967649515195625
0.4743899831260129,0.33311490581358427,0.6658153063327044,0.7662130702010274
0.5230194614912993,0.2883368822202338,0.3453076931570209,0.548409125110974
0.9668209380426598,0.9180603211807323,0.44725070321032667,0.5202395886804929
0.5552938515258983,0.597517522230122,0.03132459781538499,0.6105632289873235
0.7744632182298122,0.1778041308804258,0.3729507471724004,0.723840844448566
0.04343012876094576,0.3364062466576737,0.15069465361760404,0.7743955755321048
0.22635668840124767,0.036262464381930815,0.8169215031007248,0.03713139624424344
0.7836703950278606,0.7223596665369266,0.6726606000115576,0.36374419912139033
0.47739032832756934,0.3110583985837885,0.2004857832559217,0.9736546605218813
0.5640741010752993,0.7444548373167361,0.820979843211329,0.012979040183640156
0.8702189904046049,0.19559374997647827,0.8049295038200561,0.9368738294490981
0.3321278090523505,0.8185354291844199,0.2844506242186252,0.7440897117668932
0.19326068262025897,0.9291560342136885,0.8051085997660521,0.6542865274444242
0.38537498365657696,0.604637947918004,0.6289002686881998,0.5464383878771008
0.21130767064094946,0.13127866686260026,0.3061888642552618,0.8276569785953127
0.227801756819771,0.12727554647564332,0.26138061128783907,0.32373822958779175
0.5339721235417555,0.09389010426161704,0.1104935463591532,0.15940034905902722
0.8142821538791776,0.9565485604410693,0.9862682883977472,0.24001460274933106
0.48055379956055577,0.9419536591875884,0.4292364202620941,0.3070556300415218
0.06355356576133986,0.3965284011601019,0.31906575914055024,0.1138311344643379
0.7901391638306791,0.29508581681946167,0.9937369596475193,0.9852235274315845
0.9363232701891185,0.37750744577620854,0.24736840866607357,0.7770282438180542
0.9156477255724437,0.48996622863586103,0.42872281464671613,0.03838625773266269
0.7733455113363962,0.2593904280683771,0.8067351123157578,0.955990113950028
0.19745705897571597,0.6754931369412918,0.7512848305424581,0.09367417946540291
0.22076967198311503,0.19715362586034202,0.2251352959459595,0.37686619858549975
0.5218478391936157,0.9694661657981439,0.04793371027503546,0.48659418120785436
0.5520835599958723,0.13843223110561675,0.06584977393771962,0.06281565068822803
0.28438307902744864,0.8899536557320766,0.15311430672795723,0.25208294983298885
0.22546023532849468,0.1245978259210454,0.3836935737644217,0.23689159167096796
0.43360434889559907,0.6968129306091515,0.35919048868618497,0.8830690983264706
0.6250279627423057,0.9315691530585593,0.8384295093963376,0.4419689324946854
0.535093601408526,0.7736900051803203,0.7639062245886012,0.0023212230360701858
0.036732898423474825,0.8690647964114171,0.9965472585782549,0.16117395796406309
0.5590714517337572,0.4309246220526486,0.20855531136952699,0.8051503634903362
0.3980337326775343,0.8746243263095853,0.6324741908735814,0.4352822799864644
0.08128883310088719,0.33076722992281826,0.9990018147282124,0.13627823557682817
0.8936941233613198,0.38954080839405925,0.6654026439737063,0.4084661254136145
0.6552801871637801,0.5792180164669768,0.5158350024407655,0.8969349903273356
0.25385536007469245,0.5829283972588448,0.36644137877355,0.4176786427951663
0.9722431692703161,0.053963507216924,0.9468178820263877,0.027921931016033352
0.06484643135569079,0.9242965172507188,0.00878235013887474,0.9462129955305527
0.5589927023933835,0.7560194130748279,0.689312590322686,0.7259540964883875
0.6150288157904676,0.8630035772369717,0.5645351679631803,0.9113648919766184
0.8775757134677368,0.4419552104449712,0.2705472383981169,0.7343075110969542
0.7994074375892043,0.7565504074157944,0.8497979687096984,0.6546055561406705
0.024174156881440756,0.7399416650887649,0.1308732372081607,0.4186365348769773
0.8607373508482979,0.9932033852864781,0.43356805996386594,0.87257568763635
0.6265153728097893,0.08765758248557165,0.8187641189969996,0.6743222852375277
0.4024096128149963,0.5630043424426507,0.9438967404025462,0.8589519167447265
0.12090387473330788,0.03448885130012613,0.5219611199762652,0.10035664960663282
0.33882735563043975,0.3234862358928815,0.24550866562367002,0.02471024913860198
0.6494481204680982,0.7736594434647567,0.4753539234604308,0.5620702899399935
0.41428083966272755,0.8328851221535832,0.5960169725056269,0.13986619368458497
0.4170277096047055,0.2298392904006341,0.8102447852126011,0.7301022406301402
0.4494777262510119,0.10109288371967784,0.23734839593898893,0.4313148474821762
0.40545076759746657,0.19703371915035373,0.05829631485366038,0.789404871918738
0.3899730198862752,0.8404468060767071,0.8993190942172693,0.0008074715655491671
0.7331272282932402,0.0925225844690486,0.46685108950645304,0.20171438934449393
0.5453837290048189,0.87534053517335,0.24027160706803952,0.60145747846354
0.12745795786357994,0.48515942148295865,0.9476140652781714,0.14452316737697013
0.030505651272117795,0.8196012048662281,0.055317048749975783,0.7575352837005089
0.732433417864059,0.9762504106114049,0.5951807842174841,0.4567984921093402
0.9190005889711598,0.6580645786358986,0.08056225580493348,0.9460083134629401
0.5553746356159172,0.8951600979342531,0.627613539249809,0.604285157282762
0.35913599768591675,0.561711929498393,0.8610309626133676,0.6204168480285447
0.9627210742558517,0.8988855648218168,0.6662213887690357,0.027800686261118757
0.8049112581042541,0.12060173537005603,0.5301721450958136,0.7143659410731538
0.93853906068471,0.008622063802232516,0.7005314733736968,0.5480397568934102
0.15282209204839525,0.01953100129816243,0.32436875123570186,0.5901307709927406
0.7356879493177346,0.6063246207267026,0.5786178185663003,0.13125541917247818
0.6852453699399563,0.8093690178369485,0.42557213570426844,0.9701071130456214
0.374677535013596,0.36942488809783514,0.49553917800762204,0.2355339730303091
0.12733368490076002,0.8695948302814173,0.9023781723014817,0.6990824247324467
0.6853790334101595,0.5925075473212087,0.058194392098962044,0.8752178098996996
0.674325767220069,0.3736183882758676,0.6663964971894724,0.8879162150566989
0.6885585322530888,0.4627711441951531,0.11727240000769112,0.5580460792970449
0.4760801064205661,0.6666412897955453,0.35965713946878175,0.35879663538466344
0.8881406195864093,0.15127168555166604,0.8921810241368413,0.08821924959943683
0.5205599535422747,0.6522970000572846,0.12577043205541982,0.3582613411906215
0.03440179996394954,0.5292628121963902,0.5515761839621179,0.5360582577580467
0.6847884891264351,0.47681018706130884,0.3069158314368756,0.738041976822207
0.4155486119124475,0.31798532601913077,0.639740656925305,0.6864109333763428
0.40670106088374147,0.016824678136833082,0.20955761011584584,0.9444252501950664
0.8401674476151682,0.36904182876041314,0.06935454300887256,0.14344854619712444
0.1888309311556493,0.5461788123376062,0.22589170858817387,0.9620580184607732
0.36557989673794533,0.36938049083130853,0.7474701326330169,0.7637539398405643
0.41913190401371425,0.3364268843386625,0.9119529078874238,0.46017709720090194
0.008613600509167041,0.3383449849326955,0.5207584619320896,0.6581186157965038
0.8539632279828592,0.26088996282984644,0.3383092699463103,0.6896374377139111
0.22049072664575675,0.14714309950768134,0.19745189934193608,0.6590518135879234
0.5924083877650975,0.7072755391536516,0.21627933953386658,0.10654604322168548
0.8286131553649013,0.4848069940881512,0.5173123136215455,0.8755145360679043
0.8525020263092905,0.5742457718410304,0.8636234133338189,0.6298270950649076
0.42367843578224396,0.507792032091633,0.9313612914958525,0.8674322144415321
0.9618869586572533,0.8692579693656716,0.1913952443857948,0.7586023212295911
0.9172842738431245,0.24308456399495393,0.34085163241877914,0.3469934364203673
0.5450959421519542,0.306896285707127,0.14581614797029796,0.34632508709658205
0.053662827843976024,0.08321720824653656,0.8136227704430713,0.6946948713117325
0.022364279100259843,0.2117811944141027,0.20019215550726555,0.1456659061435397
0.005636517196187296,0.2805806794707776,0.7028846619782103,0.024371602586256924
0.6784412014175284,0.470792964637893,0.8834407835096684,0.44642440684815055
0.7781003681840255,0.8663225553724083,0.04117668634148697,0.951601114435426
0.2509730203456405,0.25966172330558945,0.9689359059403979,0.4166314480041553
0.40105450452135616,0.9690731903287537,0.7334164121141025,0.7060575679920565
0.44634193059115534,0.6250245300494565,0.23264651444892404,0.06308141314284343
0.1092487255866873,0.6325914871440698,0.8118123466954521,0.8211559338702087
0.29494282353278,0.2744960454647182,0.9774778974347613,0.8515215786037689
0.9364931041556313,0.8255117294447358,0.3446623690897431,0.9303972933509403
0.3241079849123881,0.30732873496257573,0.18177158634869695,0.2524805055053304
0.46022774587382775,0.08585574482711944,0.042498088626101604,0.5292842271186391
0.8436746341282092,0.22521384982826897,0.9326678088401462,0.09527046024351404
0.18052097446428372,0.8625051370682016,0.33684080726747845,0.6142405055553736
0.744950994161664,0.4273843849897335,0.9416326192692236,0.2807370733625074
0.615404266100438,0.38054147948697437,0.18757943011829836,0.6250241896480405
0.5467042307452805,0.04506840265419665,0.6494625183514329,0.9477959005643729
0.7708369359449746,0.7055339137670751,0.06596326653998441,0.3656660744759672
0.5620914911751047,0.8930697827744665,0.8588375619248234,0.5499677667291325
0.35592214870876515,0.07613665594109797,0.9111738927788682,0.37263985151649537
0.780778590845031,0.6071690016948077,0.8299902925229077,0.9905589532056726
0.3676834573747634,0.7349648980235371,0.3146512924309476,0.08768890676298513
0.9383013915193751,0.9576539821174277,0.699225371464182,0.24029210839936355
0.8670248794622352,0.007869076773475259,0.7208075107966027,0.6340466445848781
0.30373074384691845,0.5119433610523456,0.1456485527394319,0.41850286493925704
0.07043681577323124,0.4971695674982699,0.29315868361314323,0.5609499727198453
0.6727424783202848,0.9900286743690214,0.7800472910942055,0.4617361981739869
0.5454594885905105,0.02406424041983679,0.22507510607750947,0.5176058909644551
0.02962190210640514,0.7230132754909501,0.6329217724345357,0.865427342564038
0.7785957904860299,0.8511261426804679,0.4921418147318053,0.04985356690227294
0.9845114126735454,0.6825164585862517,0.1507191967487298,0.780900107703447
0.495999626064355,0.5728262480352753,0.03190351848356565,0.39995444111105083
0.043891044941116064,0.08276317885237272,0.7662309379341666,0.5451978006518143
0.9704400929574063,0.39356671140712496,0.3679265486870027,0.7616628009704556
0.4305030811720192,0.10477382591545492,0.71432037305856,0.09194675458146007
0.9593324422477033,0.5080822447705358,0.8483801018087819,0.10168664278601591
0.3326712644065255,0.3932874256697694,0.23966958577463437,0.5573984143599874
0.007352665269254932,0.6129606880450804,0.6284959694788735,0.12977272863381029
0.0780271879819856,0.8337181552515398,0.9086529134691186,0.964903198499936
0.7897195347942019,0.3153301328637327,0.023290048353425852,0.7595385002089963
0.7130718150468448,0.0252147617594769,0.6870749686489683,0.6365924792665478
0.4916132244072412,0.07180809034905689,0.3615965246103767,0.6567351170533066
0.19266034110604746,0.01644338900286002,0.8304185118780302,0.5775012209904998
0.24493163771221116,0.6558211788067285,0.4096612763601112,0.6432175095278541
0.48733677081636484,0.15552999878807305,0.39307648171842235,0.8978581969693555
0.18042549513090422,0.5103385852104216,0.6470070561935422,0.29140040645065757
0.26197299766450255,0.10221810839587231,0.022227314668874176,0.10148495016060721
0.7756190437837696,0.28614539447811105,0.44078559185679866,0.2518485743621721
0.4113856643752283,0.3893226965976866,0.22566267216188074,0.5111270584935803
0.06693514821792179,0.365056271342854,0.5693466992202473,0.17876065042614409
0.7505266018934895,0.7656022242710707,0.3768468062512995,0.5002805542333356
0.5202629272334437,0.07329217204055416,0.051274182124083634,0.9946868223786712
0.7042190941721923,0.8535839313930649,0.11811887513557628,0.3875426252801828
0.8428767003193184,0.11635100383421826,0.6183169211589753,0.24037066355880787
0.024798687132071007,0.9986265619322662,0.9094711219003635,0.08170101188793144
0.12463018322755892,0.43943118474686627,0.5850531094556596,0.2317471437365547
0.3603423772744556,0.3599782351730716,0.0055165854129760605,0.8189582320220505
0.908865826036585,0.6069086429904348,0.1890025115632734,0.14053465087350192
0.5823289537180985,0.0576442571516822,0.44667188168801364,0.5851467829446717
0.9203497273470326,0.7330309599522561,0.2671593469319373,0.00031441906723650437
0.11044368270259097,0.8939678797481133,0.2839118051245053,0.05323539643007624
0.27897665897597024,0.09574724511858967,0.7599186058373748,0.3879370140112064
0.774609566898877,0.1210465937360008,0.6727299603187907,0.03075860959034049
0.7454812327887868,0.5888393833079666,0.7830618159215689,0.3818855897868191
0.2638713732951983,0.9495462742990329,0.7675569147223879,0.7831597167131767
0.3108165761991567,0.8773100231355575,0.9698807236996408,0.7155623108626725
0.24798075161816602,0.045752662163138114,0.09864075698587804,0.6972416081413088
0.9838316337180364,0.039126495097783875,0.8949019925449525,0.677922830499673
0.015529818827574093,0.4367528054721769,0.8415430421267324,0.10300126886316763
0.35040303056430144,0.12982593738515336,0.2622210988472339,0.7064485751582493
0.4313071100422653,0.447965363901609,0.00998602602300469,0.9491742742202927
0.7667718813872685,0.24975928694004468,0.8787730924693561,0.0010152705842013665
0.2039371804696084,0.09146514360800184,0.33564847914688845,0.2584713885075003
0.3570223483160869,0.22197497239261554,0.9943585909786219,0.5362768543671689
0.028018908705657042,0.8318915308550782,0.6851175675382528,0.8535005784495073
0.28871912245766895,0.5353208878157325,0.7198933739383433,0.7066459931363532
0.04711948022754597,0.3487288237576667,0.6675754114521657,0.20821052325708178
0.022346028078780833,0.5714455766814687,0.759726896244721,0.8611159565097222
0.07584808609687277,0.46655659038956654,0.6926786820581331,0.5240125564966891
0.281051440655701,0.25033551888968797,0.2626295490142384,0.506025597434154
0.8500869139251651,0.4137720331442539,0.27108610534197153,0.5851303676611238
0.10308499621022738,0.09802599433435522,0.5681532478617164,0.538583090348071
0.3046720870385484,0.6184663764199847,0.12173168405334844,0.2348565025119509
0.8654316526927722,0.5281326138826812,0.7183834617046349,0.4844978774774954
0.7763252103714653,0.4187918289999375,0.9169254724148974,0.6739266205944223
0.8590309203631443,0.6583245029273863,0.5519302559475711,0.8962117710258988
0.11541232736438911,0.11486272072783954,0.8490899461827417,0.8253870575923703
0.7171209482415574,0.696141003133731,0.583316746994905,0.7970549785968163
0.9481046479218388,0.4850088760670739,0.29639609507524234,0.8094816888852028
0.5559272189027559,0.6669269351785746,0.8927199527018177,0.045935710927945794
0.7391388370014836,0.5312419261996035,0.8326452777673986,0.2307571087781909
0.6404433438075406,0.3312530029809446,0.35137307910592397,0.42568708688154244
0.49854342952194397,0.9754909283525526,0.8015896644120459,0.5995072263164786
0.10183156087368506,0.9083973415814716,0.09575385039523099,0.6066200681090876
0.31949826815218196,0.118894166066004,0.8268915053995628,0.03946725069492607
0.12711053110777115,0.11662138980120829,0.13764443649055336,0.18797869593372218
0.9593223731053329,0.8972303247388748,0.6929799829179065,0.990459200227908
0.9142324370108332,0.2618848620755839,0.04595102483701918,0.4133413180603198
0.7295695119420345,0.5317242388871941,0.8512396157184127,0.5082974528771157
0.6569559363603902,0.6555124435328203,0.20527621886553116,0.11499616172177074
0.6513876227910684,0.2624451423852858,0.5391268536113648,0.3320912376652265
0.06092799834374152,0.6581721327392105,0.9197569093743907,0.8445598484748165
0.7288072623736014,0.026431159905129675,0.9987651418187272,0.2004692148514703
0.9233235430545399,0.7692396568305345,0.3453957287717462,0.9320669123200427
0.3070598829383733,0.2455523653499636,0.3097832632943778,0.29174123327288926
0.9774991747781892,0.5602535820404972,0.1284537458509809,0.8895993378863617
0.9494247147396304,0.7131567094484087,0.6578741101141111,0.9538111367059573
0.08963008588292776,0.009762584825951381,0.5607305541747015,0.13783820069447206
0.8664679829735144,0.08853094220748858,0.09678907183993823,0.7634910468966132
0.12777562626228756,0.672378805998219,0.5952552078752832,0.8294645614720405
0.9079469347826205,0.4174812215178205,0.1669611044331174,0.08172964075983835
0.6494157529296007,0.5532201083024384,0.17247705212149023,0.5821152865339286
0.24482413353036303,0.2873271861704738,0.24711842546144935,0.8940039663036732
0.7154059935921846,0.17118650254723133,0.8389187389189126,0.5063847200072289
0.22877507402578323,0.18983505412399881,0.753846041123724,0.12999720688420024
0.898767271935545,0.07959590343276723,0.6956870473541834,0.37568897346706276
0.8185678932842925,0.6391439928752626,0.34973146773453656,0.5124129946281883
0.30455365401009415,0.9053913828945096,0.6914092148046395,0.8728892220312445
0.1996341047970993,0.2604060366692068,0.6849062842287716,0.5271600646666519
0.7172566450233899,0.7200924434792497,0.17750473894138874,0.270016561584999
0.007373312089122841,0.5186323316389422,0.8614466220553172,0.6554598598379878
0.6228059420609153,0.6044099868273579,0.2770516672531683,0.4424933650950805
0.5971820968836099,0.012478399554650577,0.53599444200442,0.08485541186827006
0.0968159772809647,0.7918586686382998,0.110053619999128,0.7307792932192081
0.6927258697344794,0.9047474927770952,0.7889387256391606,0.3728311095591237
0.12693944060554774,0.8910575188341286,0.44101472772469275,0.747210322697688
0.24047392100314913,0.11034806690097299,0.6842454572930433,0.026042254824715783
0.9339782297623843,0.16053663067087454,0.9344441175406453,0.8653678279972058
0.9319832157705636,0.03166061047184554,0.21482061073307146,0.8096193915498558
0.2962414518664598,0.7561892778554019,0.9771523963382901,0.8466694987025439
0.18190275842650028,0.24168320762970263,0.14259736237818155,0.7669607258667105
